67 79 77 12 47 84 42 31 20 97 81 33 66 74 25
100 24 16 95 10 91 77 10 84 50 13 36 98 4 68
22 80 49 34 85 43 53 64 32 35 36 19 1 50 54
26 17 84 61 95 19 58 55 69 24 90 68 93 62 33
47 44 27 53 75 1 85 31 90 83 46 61 84 59 75
71 75 61 30 24 97 53 37 10 48 64 25 81 10 96
75 61 1 100 88 93 93 49 75 53 41 86 95 78 48
59 74 96 95 53 14 7 62 38 36 95 6 16 4 11
76 3 20 94 7 86 59 85 71 82 79 26 86 78 83
11 58 59 63 89 91 29 87 58 82 68 99 64 64 94
86 77 45 64 77 38 65 0 71 63 0 90 25 12 75
88 21 85 55 25 36 47 53 15 20 47 17 62 12 40
87 95 21 78 97 1 82 22 0 45 46 58 89 100 89
1 4 74 84 94 47 13 9 39 57 38 23 29 43 30
20 3 88 31 76 6 68 47 16 73 6 100 85 9 79
79 59 53 27 19 42 43 79 19 93 73 85 82 21 58
78 52 79 71 24 43 70 58 24 83 33 58 58 11 87
47 29 100 60 78 80 70 1 23 88 77 24 69 38 3
21 86 25 58 95 55 20 14 86 36 9 0 29 45 87
85 86 68 33 46 44 86 22 44 78 8 51 55 83 47
18 0 20 21 61 47 32 100 16 32 26 15 14 23 68
80 40 56 37 3 92 57 36 92 59 35 64 82 81 87
3 65 31 38 18 8 81 8 84 40 52 86 52 1 19
28 71 99 76 99 68 95 18 80 56 61 65 28 62 26
84 51 19 29 28 61 84 77 5 59 99 32 72 97 51
5 5 34 73 31 65 65 5 82 19 8 47 52 83 57
44 53 47 58 57 1 67 22 74 58 45 95 94 16 100
35 23 22 28 50 55 31 55 31 62 18 46 37 9 19
14 31 95 48 15 46 85 14 40 49 39 84 61 15 86
70 72 89 83 84 86 25 23 32 2 13 98 16 97 39
56 29 13 54 43 13 0 45 1 54 51 9 82 80 10
72 70 40 45 92 46 57 54 25 34 90 8 62 46 2
48 69 17 1 94 10 70 7 72 73 70 27 88 29 33
77 43 44 22 30 43 58 72 4 93 99 75 88 20 54
5 39 100 99 5 83 92 81 86 0 1 63 68 73 22
19 70 25 93 57 47 64 39 15 59 91 98 12 9 95
35 83 87 18 67 30 27 89 23 51 85 63 58 22 28
81 90 99 83 73 29 50 96 63 7 41 100 84 40 14
86 80 72 91 66 19 76 50 5 92 92 82 1 41 73
84 5 17 87 79 0 99 30 36 66 86 87 24 11 25
31 44 48 9 66 5 92 68 56 9 4 39 94 91 82
47 48 54 91 23 36 82 97 61 13 87 49 35 25 80
32 52 39 80 61 48 33 93 76 67 93 38 61 78 74
62 4 39 55 19 37 33 33 88 90 50 47 88 96 79
56 56 43 76 77 53 0 13 30 33 14 55 78 23 30
98 20 19 88 52 83 9 81 6 43 99 18 51 90 10
0 46 98 98 10 37 96 85 1 20 61 91 9 21 4
83 56 10 57 92 29 28 100 43 97 46 75 36 33 78
35 49 23 19 33 68 58 80 13 94 2 35 18 67 91
92 0 60 1 61 43 8 94 99 82 73 46 55 1 64
62 59 52 23 86 12 67 90 89 36 25 76 97 64 90
94 10 33 52 5 45 15 35 73 34 27 55 25 38 60
22 2 79 49 32 44 84 95 81 79 24 11 71 65 35
68 11 30 9 88 62 12 2 97 18 46 23 79 89 59
57 42 51 28 14 22 97 48 32 46 10 15 52 73 81
34 44 71 37 67 16 24 16 50 98 9 100 83 30 86
20 4 6 22 21 82 60 43 50 13 71 63 99 64 77
47 61 30 15 85 1 53 41 21 42 32 25 1 30 5
22 14 17 46 25 5 9 30 51 100 74 1 20 24 97
53 26 53 73 51 49 70 68 46 84 67 64 85 80 89
57 59 12 45 92 57 46 53 38 72 37 30 79 16 10
0 33 17 25 90 6 73 28 80 56 52 47 71 63 59
42 25 50 62 43 15 90 75 32 39 7 73 15 1 13
18 92 51 36 84 34 46 59 91 83 84 31 32 89 39
9 75 90 79 30 12 81 16 74 96 10 58 85 86 82
34 58 26 66 38 61 96 35 79 24 96 66 59 80 59
84 58 87 94 30 33 84 36 72 0 37 75 78 40 74
77 61 73 9 49 26 4 66 51 78 13 39 10 54 34
47 21 36 14 11 53 72 92 56 49 50 21 55 65 0
87 18 96 5 48 34 93 50 31 33 80 92 35 15 16
95 73 82 37 54 15 38 63 28 20 5 70 16 61 99
4 50 0 50 92 96 44 4 6 0 54 72 5 82 32
62 36 77 40 54 78 39 17 11 85 48 55 67 86 43
65 77 90 33 28 29 91 86 23 20 51 68 76 37 0
44 33 81 97 59 70 93 76 6 20 65 32 90 65 43
40 77 19 64 35 78 83 72 54 2 72 50 53 20 3
9 64 81 11 41 15 75 71 26 74 72 0 83 12 63
98 0 20 80 80 74 48 12 1 23 61 61 26 94 88
19 40 56 2 10 1 52 79 24 28 66 6 94 90 64
77 100 59 92 5 71 30 73 40 30 62 52 79 88 80
